2 0.4 7.2 
2 0.8 9.8 
2 -1.5 7.3 
2 8.1 3.4 
2 7.3 2.3 
2 9.1 3.1 
2 8.9 0.2 
2 10.2 0.5 
2 9.8 1.2 
2 8.5 2.7 
2 10.3 -0.3 
2 9.7 0.8 
2 8.3 2.9 
2 0.0 7.1 
2 0.9 9.6 
2 0.4 7.2 
2 0.8 9.8 
2 -1.5 7.3 
2 8.1 3.4 
2 7.3 2.3 
2 9.1 3.1 
2 8.9 0.2 
2 10.2 0.5 
2 9.8 1.2 
2 8.5 2.7 
2 10.3 -0.3 
2 9.7 0.8 
2 8.3 2.9 
2 0.0 7.1 
2 0.9 9.6 
2 0.8 9.8 
2 0.9 9.6 
2 0.8 9.8 
2 0.9 9.6 
2 0.4 7.2 
2 0.8 9.8 
2 -1.5 7.3 
2 8.1 3.4 
2 7.3 2.3 
2 9.1 3.1 
2 8.9 0.2 
2 10.2 0.5 
2 9.8 1.2 
2 8.5 2.7 
2 10.3 -0.3 
2 9.7 0.8 
2 8.3 2.9 
2 0.0 7.1 
2 0.9 9.6 
2 0.4 7.2 
2 0.8 9.8 
2 -1.5 7.3 
2 8.1 3.4 
2 7.3 2.3 
2 9.1 3.1 
2 8.9 0.2 
2 10.2 0.5 
2 9.8 1.2 
2 8.5 2.7 
2 10.3 -0.3 
2 9.7 0.8 
2 8.3 2.9 
2 0.0 7.1 
2 0.9 9.6 
2 0.4 7.2 
2 0.8 9.8 
2 -1.5 7.3 
2 0.0 7.1 
2 0.9 9.6 
2 0.4 7.2 
2 0.8 9.8 
2 -1.5 7.3 
2 0.0 7.1 
2 0.9 9.6 
2 0.4 7.2 
2 0.8 9.8 
2 -1.5 7.3 
2 0.0 7.1 
2 0.9 9.6 
2 0.4 7.2 
2 0.8 9.8 
2 -1.5 7.3 
2 0.0 7.1 
2 0.9 9.6 
1 0.4 7.2 
1 0.8 9.8 
1 -1.5 7.3 
1 8.1 3.4 
1 7.3 2.3 
1 9.1 3.1 
1 8.9 0.2 
1 11.5 -1.9 
1 10.2 0.5 
1 9.8 1.2 
1 8.5 2.7 
1 10.3 -0.3 
1 9.7 0.8 
1 8.3 2.9 
1 0.0 7.1 
1 0.9 9.6 
1 -1.6 7.4 
1 0.3 7.2 
1 0.7 9.9 
1 -1.7 7.5 
1 0.5 7.4 
1 0.9 9.7 
1 -1.8 7.6 
1 11.1 -1.5 
1 10.8 -0.6 
1 9.5 1.5 
1 8.7 2.4 
1 11.2 -1.2 
1 10.5 -0.1 
1 9.3 1.9 
1 8.6 2.6 
1 0.4 7.2 
1 0.8 9.8 
1 -1.5 7.3 
1 8.1 3.4 
1 7.3 2.3 
1 9.1 3.1 
1 8.9 0.2 
1 11.5 -1.9 
1 10.2 0.5 
1 9.8 1.2 
1 8.5 2.7 
1 10.3 -0.3 
1 9.7 0.8 
1 8.3 2.9 
1 0.0 7.1 
1 0.9 9.6 
1 -1.6 7.4 
1 0.3 7.2 
1 0.7 9.9 
1 -1.7 7.5 
1 0.5 7.4 
1 0.9 9.7 
1 -1.8 7.6 
1 11.1 -1.5 
1 10.8 -0.6 
1 9.5 1.5 
1 8.7 2.4 
1 11.2 -1.2 
1 10.5 -0.1 
1 9.3 1.9 
1 8.6 2.6 
1 0.4 7.2 
1 0.8 9.8 
1 -1.5 7.3 
1 8.1 3.4 
1 7.3 2.3 
1 9.1 3.1 
1 8.9 0.2 
1 11.5 -1.9 
1 10.2 0.5 
1 9.8 1.2 
1 8.5 2.7 
1 10.3 -0.3 
1 9.7 0.8 
1 8.3 2.9 
1 0.0 7.1 
1 0.9 9.6 
1 -1.6 7.4 
1 0.3 7.2 
1 0.7 9.9 
1 -1.7 7.5 
1 0.5 7.4 
1 0.9 9.7 
1 -1.8 7.6 
1 11.1 -1.5 
1 10.8 -0.6 
1 9.5 1.5 
1 8.7 2.4 
1 11.2 -1.2 
1 10.5 -0.1 
1 9.3 1.9 
1 8.6 2.6 
1 0.4 7.2 
1 0.8 9.8 
1 -1.5 7.3 
1 8.1 3.4 
1 7.3 2.3 
1 9.1 3.1 
1 8.9 0.2 
1 11.5 -1.9 
1 10.2 0.5 
1 9.8 1.2 
1 8.5 2.7 
1 10.3 -0.3 
1 9.7 0.8 
1 8.3 2.9 
1 0.0 7.1 
1 0.9 9.6 
1 -1.6 7.4 
1 0.3 7.2 
1 0.7 9.9 
1 -1.7 7.5 
1 0.5 7.4 
1 0.9 9.7 
1 -1.8 7.6 
1 11.1 -1.5 
1 10.8 -0.6 
1 9.5 1.5 
1 8.7 2.4 
1 11.2 -1.2 
1 10.5 -0.1 
1 9.3 1.9 
1 8.6 2.6 
1 0.4 7.2 
1 0.8 9.8 
1 -1.5 7.3 
1 8.1 3.4 
1 7.3 2.3 
1 9.1 3.1 
1 8.9 0.2 
1 11.5 -1.9 
1 10.2 0.5 
1 9.8 1.2 
1 8.5 2.7 
1 10.3 -0.3 
1 9.7 0.8 
1 8.3 2.9 
1 0.0 7.1 
1 0.9 9.6 
1 -1.6 7.4 
1 0.3 7.2 
1 0.7 9.9 
1 -1.7 7.5 
1 0.5 7.4 
1 0.9 9.7 
1 -1.8 7.6 
1 11.1 -1.5 
1 10.8 -0.6 
1 9.5 1.5 
1 8.7 2.4 
1 11.2 -1.2 
1 10.5 -0.1 
1 9.3 1.9 
1 8.6 2.6 
1 0.4 7.2 
1 0.8 9.8 
1 -1.5 7.3 
1 8.1 3.4 
1 7.3 2.3 
1 9.1 3.1 
1 8.9 0.2 
1 11.5 -1.9 
1 10.2 0.5 
1 9.8 1.2 
1 8.5 2.7 
1 10.3 -0.3 
1 9.7 0.8 
1 8.3 2.9 
1 0.0 7.1 
1 0.9 9.6 
1 -1.6 7.4 
1 0.3 7.2 
1 0.7 9.9 
1 -1.7 7.5 
1 0.5 7.4 
1 0.9 9.7 
1 -1.8 7.6 
1 11.1 -1.5 
1 10.8 -0.6 
1 9.5 1.5 
1 8.7 2.4 
1 11.2 -1.2 
1 10.5 -0.1 
1 9.3 1.9 
1 8.6 2.6 
1 0.4 7.2 
1 0.8 9.8 
1 -1.5 7.3 
1 8.1 3.4 
1 7.3 2.3 
1 9.1 3.1 
1 8.9 0.2 
1 11.5 -1.9 
1 10.2 0.5 
1 9.8 1.2 
1 8.5 2.7 
1 10.3 -0.3 
1 9.7 0.8 
1 8.3 2.9 
1 0.0 7.1 
1 0.9 9.6 
1 -1.6 7.4 
1 0.3 7.2 
1 0.7 9.9 
1 -1.7 7.5 
1 0.5 7.4 
1 0.9 9.7 
1 -1.8 7.6 
1 11.1 -1.5 
1 10.8 -0.6 
1 9.5 1.5 
1 8.7 2.4 
1 11.2 -1.2 
1 10.5 -0.1 
1 9.3 1.9 
1 8.6 2.6 
1 0.4 7.2 
1 0.8 9.8 
1 -1.5 7.3 
1 8.1 3.4 
1 7.3 2.3 
1 9.1 3.1 
1 8.9 0.2 
1 11.5 -1.9 
1 10.2 0.5 
1 9.8 1.2 
1 8.5 2.7 
1 10.3 -0.3 
1 9.7 0.8 
1 8.3 2.9 
1 0.0 7.1 
1 0.9 9.6 
1 -1.6 7.4 
1 0.3 7.2 
1 0.7 9.9 
1 -1.7 7.5 
1 0.5 7.4 
1 0.9 9.7 
1 -1.8 7.6 
1 11.1 -1.5 
1 10.8 -0.6 
1 9.5 1.5 
1 8.7 2.4 
1 11.2 -1.2 
1 10.5 -0.1 
1 9.3 1.9 
1 8.6 2.6 
1 0.4 7.2 
1 0.8 9.8 
1 -1.5 7.3 
1 8.1 3.4 
1 7.3 2.3 
1 9.1 3.1 
1 8.9 0.2 
1 11.5 -1.9 
1 10.2 0.5 
1 9.8 1.2 
1 8.5 2.7 
1 10.3 -0.3 
1 9.7 0.8 
1 8.3 2.9 
1 0.0 7.1 
1 0.9 9.6 
1 -1.6 7.4 
1 0.3 7.2 
1 0.7 9.9 
1 -1.7 7.5 
1 0.5 7.4 
1 0.9 9.7 
1 -1.8 7.6 
1 11.1 -1.5 
1 10.8 -0.6 
1 9.5 1.5 
1 8.7 2.4 
1 11.2 -1.2 
1 10.5 -0.1 
1 9.3 1.9 
1 8.6 2.6 
1 0.4 7.2 
1 0.8 9.8 
1 -1.5 7.3 
1 8.1 3.4 
1 7.3 2.3 
1 9.1 3.1 
1 8.9 0.2 
1 11.5 -1.9 
1 10.2 0.5 
1 9.8 1.2 
1 8.5 2.7 
1 10.3 -0.3 
1 9.7 0.8 
1 8.3 2.9 
1 0.0 7.1 
1 0.9 9.6 
1 -1.6 7.4 
1 0.3 7.2 
1 0.7 9.9 
1 -1.7 7.5 
1 0.5 7.4 
1 0.9 9.7 
1 -1.8 7.6 
1 11.1 -1.5 
1 10.8 -0.6 
1 9.5 1.5 
1 8.7 2.4 
1 11.2 -1.2 
1 10.5 -0.1 
1 9.3 1.9 
1 8.6 2.6 
1 0.4 7.2 
1 0.8 9.8 
1 -1.5 7.3 
1 8.1 3.4 
1 7.3 2.3 
1 9.1 3.1 
1 8.9 0.2 
1 11.5 -1.9 
1 10.2 0.5 
1 9.8 1.2 
1 8.5 2.7 
1 10.3 -0.3 
1 9.7 0.8 
1 8.3 2.9 
1 0.0 7.1 
1 0.9 9.6 
1 -1.6 7.4 
1 0.3 7.2 
1 0.7 9.9 
1 -1.7 7.5 
1 0.5 7.4 
1 0.9 9.7 
1 -1.8 7.6 
1 11.1 -1.5 
1 10.8 -0.6 
1 9.5 1.5 
1 8.7 2.4 
1 11.2 -1.2 
1 10.5 -0.1 
1 9.3 1.9 
1 8.6 2.6 
1 0.4 7.2 
1 0.8 9.8 
1 -1.5 7.3 
1 8.1 3.4 
1 7.3 2.3 
1 9.1 3.1 
1 8.9 0.2 
1 11.5 -1.9 
1 10.2 0.5 
1 9.8 1.2 
1 8.5 2.7 
1 10.3 -0.3 
1 9.7 0.8 
1 8.3 2.9 
1 0.0 7.1 
1 0.9 9.6 
1 -1.6 7.4 
1 0.3 7.2 
1 0.7 9.9 
1 -1.7 7.5 
1 0.5 7.4 
1 0.9 9.7 
1 -1.8 7.6 
1 11.1 -1.5 
1 10.8 -0.6 
1 9.5 1.5 
1 8.7 2.4 
1 11.2 -1.2 
1 10.5 -0.1 
1 9.3 1.9 
1 8.6 2.6 
1 0.4 7.2 
1 0.8 9.8 
1 -1.5 7.3 
1 8.1 3.4 
1 7.3 2.3 
1 9.1 3.1 
1 8.9 0.2 
1 11.5 -1.9 
1 10.2 0.5 
1 9.8 1.2 
1 8.5 2.7 
1 10.3 -0.3 
1 9.7 0.8 
1 8.3 2.9 
1 0.0 7.1 
1 0.9 9.6 
1 -1.6 7.4 
1 0.3 7.2 
1 0.7 9.9 
1 -1.7 7.5 
1 0.5 7.4 
1 0.9 9.7 
1 -1.8 7.6 
1 11.1 -1.5 
1 10.8 -0.6 
1 9.5 1.5 
1 8.7 2.4 
1 11.2 -1.2 
1 10.5 -0.1 
1 9.3 1.9 
1 8.6 2.6 
1 0.4 7.2 
1 0.8 9.8 
1 -1.5 7.3 
1 8.1 3.4 
1 7.3 2.3 
1 9.1 3.1 
1 8.9 0.2 
1 11.5 -1.9 
1 10.2 0.5 
1 9.8 1.2 
1 8.5 2.7 
1 10.3 -0.3 
1 9.7 0.8 
1 8.3 2.9 
1 0.0 7.1 
1 0.9 9.6 
1 -1.6 7.4 
1 0.3 7.2 
1 0.7 9.9 
1 -1.7 7.5 
1 0.5 7.4 
1 0.9 9.7 
1 -1.8 7.6 
1 11.1 -1.5 
1 10.8 -0.6 
1 9.5 1.5 
1 8.7 2.4 
1 11.2 -1.2 
1 10.5 -0.1 
1 9.3 1.9 
1 8.6 2.6 
1 0.4 7.2 
1 0.8 9.8 
1 -1.5 7.3 
1 8.1 3.4 
1 7.3 2.3 
1 9.1 3.1 
1 8.9 0.2 
1 11.5 -1.9 
1 10.2 0.5 
1 9.8 1.2 
1 8.5 2.7 
1 10.3 -0.3 
1 9.7 0.8 
1 8.3 2.9 
1 0.0 7.1 
1 0.9 9.6 
1 -1.6 7.4 
1 0.3 7.2 
1 0.7 9.9 
1 -1.7 7.5 
1 0.5 7.4 
1 0.9 9.7 
1 -1.8 7.6 
1 11.1 -1.5 
1 10.8 -0.6 
1 9.5 1.5 
1 8.7 2.4 
1 11.2 -1.2 
1 10.5 -0.1 
1 9.3 1.9 
1 8.6 2.6 
1 0.4 7.2 
1 0.8 9.8 
1 -1.5 7.3 
1 8.1 3.4 
1 7.3 2.3 
1 9.1 3.1 
1 8.9 0.2 
1 11.5 -1.9 
1 10.2 0.5 
1 9.8 1.2 
1 8.5 2.7 
1 10.3 -0.3 
1 9.7 0.8 
1 8.3 2.9 
1 0.0 7.1 
1 0.9 9.6 
1 -1.6 7.4 
1 0.3 7.2 
1 0.7 9.9 
1 -1.7 7.5 
1 0.5 7.4 
1 0.9 9.7 
1 -1.8 7.6 
1 11.1 -1.5 
1 10.8 -0.6 
1 9.5 1.5 
1 8.7 2.4 
1 11.2 -1.2 
1 10.5 -0.1 
1 9.3 1.9 
1 8.6 2.6 
1 0.4 7.2 
1 0.8 9.8 
1 -1.5 7.3 
1 8.1 3.4 
1 7.3 2.3 
1 9.1 3.1 
1 8.9 0.2 
1 11.5 -1.9 
1 10.2 0.5 
1 9.8 1.2 
1 8.5 2.7 
1 10.3 -0.3 
1 9.7 0.8 
1 8.3 2.9 
1 0.0 7.1 
1 0.9 9.6 
1 -1.6 7.4 
1 0.3 7.2 
1 0.7 9.9 
1 -1.7 7.5 
1 0.5 7.4 
1 0.9 9.7 
1 -1.8 7.6 
1 11.1 -1.5 
1 10.8 -0.6 
1 9.5 1.5 
1 8.7 2.4 
1 11.2 -1.2 
1 10.5 -0.1 
1 9.3 1.9 
1 8.6 2.6 
1 0.4 7.2 
1 0.8 9.8 
1 -1.5 7.3 
1 8.1 3.4 
1 7.3 2.3 
1 9.1 3.1 
1 8.9 0.2 
1 11.5 -1.9 
1 10.2 0.5 
1 9.8 1.2 
1 8.5 2.7 
1 10.3 -0.3 
1 9.7 0.8 
1 8.3 2.9 
1 0.0 7.1 
1 0.9 9.6 
1 -1.6 7.4 
1 0.3 7.2 
1 0.7 9.9 
1 -1.7 7.5 
1 0.5 7.4 
1 0.9 9.7 
1 -1.8 7.6 
1 11.1 -1.5 
1 10.8 -0.6 
1 9.5 1.5 
1 8.7 2.4 
1 11.2 -1.2 
1 10.5 -0.1 
1 9.3 1.9 
1 8.6 2.6 
1 0.4 7.2 
1 0.8 9.8 
1 -1.5 7.3 
1 8.1 3.4 
1 7.3 2.3 
1 9.1 3.1 
1 8.9 0.2 
1 11.5 -1.9 
1 10.2 0.5 
1 9.8 1.2 
1 8.5 2.7 
1 10.3 -0.3 
1 9.7 0.8 
1 8.3 2.9 
1 0.0 7.1 
1 0.9 9.6 
1 -1.6 7.4 
1 0.3 7.2 
1 0.7 9.9 
1 -1.7 7.5 
1 0.5 7.4 
1 0.9 9.7 
1 -1.8 7.6 
1 11.1 -1.5 
1 10.8 -0.6 
1 9.5 1.5 
1 8.7 2.4 
1 11.2 -1.2 
1 10.5 -0.1 
1 9.3 1.9 
1 8.6 2.6 
1 0.4 7.2 
1 0.8 9.8 
1 -1.5 7.3 
1 8.1 3.4 
1 7.3 2.3 
1 9.1 3.1 
1 8.9 0.2 
1 11.5 -1.9 
1 10.2 0.5 
1 9.8 1.2 
1 8.5 2.7 
1 10.3 -0.3 
1 9.7 0.8 
1 8.3 2.9 
1 0.0 7.1 
1 0.9 9.6 
1 -1.6 7.4 
1 0.3 7.2 
1 0.7 9.9 
1 -1.7 7.5 
1 0.5 7.4 
1 0.9 9.7 
1 -1.8 7.6 
1 11.1 -1.5 
1 10.8 -0.6 
1 9.5 1.5 
1 8.7 2.4 
1 11.2 -1.2 
1 10.5 -0.1 
1 9.3 1.9 
1 8.6 2.6 
1 0.4 7.2 
1 0.8 9.8 
1 -1.5 7.3 
1 8.1 3.4 
1 7.3 2.3 
1 9.1 3.1 
1 8.9 0.2 
1 11.5 -1.9 
1 10.2 0.5 
1 9.8 1.2 
1 8.5 2.7 
1 10.3 -0.3 
1 9.7 0.8 
1 8.3 2.9 
1 0.0 7.1 
1 0.9 9.6 
1 -1.6 7.4 
1 0.3 7.2 
1 0.7 9.9 
1 -1.7 7.5 
1 0.5 7.4 
1 0.9 9.7 
1 -1.8 7.6 
1 11.1 -1.5 
1 10.8 -0.6 
1 9.5 1.5 
1 8.7 2.4 
1 11.2 -1.2 
1 10.5 -0.1 
1 9.3 1.9 
1 8.6 2.6 
1 0.4 7.2 
1 0.8 9.8 
1 -1.5 7.3 
1 8.1 3.4 
1 7.3 2.3 
1 9.1 3.1 
1 8.9 0.2 
1 11.5 -1.9 
1 10.2 0.5 
1 9.8 1.2 
1 8.5 2.7 
1 10.3 -0.3 
1 9.7 0.8 
1 8.3 2.9 
1 0.0 7.1 
1 0.9 9.6 
1 -1.6 7.4 
1 0.3 7.2 
1 0.7 9.9 
1 -1.7 7.5 
1 0.5 7.4 
1 0.9 9.7 
1 -1.8 7.6 
1 11.1 -1.5 
1 10.8 -0.6 
1 9.5 1.5 
1 8.7 2.4 
1 11.2 -1.2 
1 10.5 -0.1 
1 9.3 1.9 
1 8.6 2.6 
1 0.4 7.2 
1 0.8 9.8 
1 -1.5 7.3 
1 8.1 3.4 
1 7.3 2.3 
1 9.1 3.1 
1 8.9 0.2 
1 11.5 -1.9 
1 10.2 0.5 
1 9.8 1.2 
1 8.5 2.7 
1 10.3 -0.3 
1 9.7 0.8 
1 8.3 2.9 
1 0.0 7.1 
1 0.9 9.6 
1 -1.6 7.4 
1 0.3 7.2 
1 0.7 9.9 
1 -1.7 7.5 
1 0.5 7.4 
1 0.9 9.7 
1 -1.8 7.6 
1 11.1 -1.5 
1 10.8 -0.6 
1 9.5 1.5 
1 8.7 2.4 
1 11.2 -1.2 
1 10.5 -0.1 
1 9.3 1.9 
1 8.6 2.6 
1 0.4 7.2 
1 0.8 9.8 
1 -1.5 7.3 
1 8.1 3.4 
1 7.3 2.3 
1 9.1 3.1 
1 8.9 0.2 
1 11.5 -1.9 
1 10.2 0.5 
1 9.8 1.2 
1 8.5 2.7 
1 10.3 -0.3 
1 9.7 0.8 
1 8.3 2.9 
1 0.0 7.1 
1 0.9 9.6 
1 -1.6 7.4 
1 0.3 7.2 
1 0.7 9.9 
1 -1.7 7.5 
1 0.5 7.4 
1 0.9 9.7 
1 -1.8 7.6 
1 11.1 -1.5 
1 10.8 -0.6 
1 9.5 1.5 
1 8.7 2.4 
1 11.2 -1.2 
1 10.5 -0.1 
1 9.3 1.9 
1 8.6 2.6 
1 0.4 7.2 
1 0.8 9.8 
1 -1.5 7.3 
1 8.1 3.4 
1 7.3 2.3 
1 9.1 3.1 
1 8.9 0.2 
1 11.5 -1.9 
1 10.2 0.5 
1 9.8 1.2 
1 8.5 2.7 
1 10.3 -0.3 
1 9.7 0.8 
1 8.3 2.9 
1 0.0 7.1 
1 0.9 9.6 
1 -1.6 7.4 
1 0.3 7.2 
1 0.7 9.9 
1 -1.7 7.5 
1 0.5 7.4 
1 0.9 9.7 
1 -1.8 7.6 
1 11.1 -1.5 
1 10.8 -0.6 
1 9.5 1.5 
1 8.7 2.4 
1 11.2 -1.2 
1 10.5 -0.1 
1 9.3 1.9 
1 8.6 2.6 
1 0.4 7.2 
1 0.8 9.8 
1 -1.5 7.3 
1 8.1 3.4 
1 7.3 2.3 
1 9.1 3.1 
1 8.9 0.2 
1 11.5 -1.9 
1 10.2 0.5 
1 9.8 1.2 
1 8.5 2.7 
1 10.3 -0.3 
1 9.7 0.8 
1 8.3 2.9 
1 0.0 7.1 
1 0.9 9.6 
1 -1.6 7.4 
1 0.3 7.2 
1 0.7 9.9 
1 -1.7 7.5 
1 0.5 7.4 
1 0.9 9.7 
1 -1.8 7.6 
1 11.1 -1.5 
1 10.8 -0.6 
1 9.5 1.5 
1 8.7 2.4 
1 11.2 -1.2 
1 10.5 -0.1 
1 9.3 1.9 
1 8.6 2.6 
1 0.4 7.2 
1 0.8 9.8 
1 -1.5 7.3 
1 8.1 3.4 
1 7.3 2.3 
1 9.1 3.1 
1 8.9 0.2 
1 11.5 -1.9 
1 10.2 0.5 
1 9.8 1.2 
1 8.5 2.7 
1 10.3 -0.3 
1 9.7 0.8 
1 8.3 2.9 
1 0.0 7.1 
1 0.9 9.6 
1 -1.6 7.4 
1 0.3 7.2 
1 0.7 9.9 
1 -1.7 7.5 
1 0.5 7.4 
1 0.9 9.7 
1 -1.8 7.6 
1 11.1 -1.5 
1 10.8 -0.6 
1 9.5 1.5 
1 8.7 2.4 
1 11.2 -1.2 
1 10.5 -0.1 
1 9.3 1.9 
1 8.6 2.6 
1 0.4 7.2 
1 0.8 9.8 
1 -1.5 7.3 
1 8.1 3.4 
1 7.3 2.3 
1 9.1 3.1 
1 8.9 0.2 
1 11.5 -1.9 
1 10.2 0.5 
1 9.8 1.2 
1 8.5 2.7 
1 10.3 -0.3 
1 9.7 0.8 
1 8.3 2.9 
1 0.0 7.1 
1 0.9 9.6 
1 -1.6 7.4 
1 0.3 7.2 
1 0.7 9.9 
1 -1.7 7.5 
1 0.5 7.4 
1 0.9 9.7 
1 -1.8 7.6 
1 11.1 -1.5 
1 10.8 -0.6 
1 9.5 1.5 
1 8.7 2.4 
1 11.2 -1.2 
1 10.5 -0.1 
1 9.3 1.9 
1 8.6 2.6 
1 0.4 7.2 
1 0.8 9.8 
1 -1.5 7.3 
1 8.1 3.4 
1 7.3 2.3 
1 9.1 3.1 
1 8.9 0.2 
1 11.5 -1.9 
1 10.2 0.5 
1 9.8 1.2 
1 8.5 2.7 
1 10.3 -0.3 
1 9.7 0.8 
1 8.3 2.9 
1 0.0 7.1 
1 0.9 9.6 
1 -1.6 7.4 
1 0.3 7.2 
1 0.7 9.9 
1 -1.7 7.5 
1 0.5 7.4 
1 0.9 9.7 
1 -1.8 7.6 
1 11.1 -1.5 
1 10.8 -0.6 
1 9.5 1.5 
1 8.7 2.4 
1 11.2 -1.2 
1 10.5 -0.1 
1 9.3 1.9 
1 8.6 2.6 
1 0.4 7.2 
1 0.8 9.8 
1 -1.5 7.3 
1 8.1 3.4 
1 7.3 2.3 
1 9.1 3.1 
1 8.9 0.2 
1 11.5 -1.9 
1 10.2 0.5 
1 9.8 1.2 
1 8.5 2.7 
1 10.3 -0.3 
1 9.7 0.8 
1 8.3 2.9 
1 0.0 7.1 
1 0.9 9.6 
1 -1.6 7.4 
1 0.3 7.2 
1 0.7 9.9 
1 -1.7 7.5 
1 0.5 7.4 
1 0.9 9.7 
1 -1.8 7.6 
1 11.1 -1.5 
1 10.8 -0.6 
1 9.5 1.5 
1 8.7 2.4 
1 11.2 -1.2 
1 10.5 -0.1 
1 9.3 1.9 
1 8.6 2.6 
1 0.4 7.2 
1 0.8 9.8 
1 -1.5 7.3 
1 8.1 3.4 
1 7.3 2.3 
1 9.1 3.1 
1 8.9 0.2 
1 11.5 -1.9 
1 10.2 0.5 
1 9.8 1.2 
1 8.5 2.7 
1 10.3 -0.3 
1 9.7 0.8 
1 8.3 2.9 
1 0.0 7.1 
1 0.9 9.6 
1 -1.6 7.4 
1 0.3 7.2 
1 0.7 9.9 
1 -1.7 7.5 
1 0.5 7.4 
1 0.9 9.7 
1 -1.8 7.6 
1 11.1 -1.5 
1 10.8 -0.6 
1 9.5 1.5 
1 8.7 2.4 
1 11.2 -1.2 
1 10.5 -0.1 
1 9.3 1.9 
1 8.6 2.6 
1 0.4 7.2 
1 0.8 9.8 
1 -1.5 7.3 
1 8.1 3.4 
1 7.3 2.3 
1 9.1 3.1 
1 8.9 0.2 
1 11.5 -1.9 
1 10.2 0.5 
1 9.8 1.2 
1 8.5 2.7 
1 10.3 -0.3 
1 9.7 0.8 
1 8.3 2.9 
1 0.0 7.1 
1 0.9 9.6 
1 -1.6 7.4 
1 0.3 7.2 
1 0.7 9.9 
1 -1.7 7.5 
1 0.5 7.4 
1 0.9 9.7 
1 -1.8 7.6 
1 11.1 -1.5 
1 10.8 -0.6 
1 9.5 1.5 
1 8.7 2.4 
1 11.2 -1.2 
1 10.5 -0.1 
1 9.3 1.9 
1 8.6 2.6 
1 0.4 7.2 
1 0.8 9.8 
1 -1.5 7.3 
1 8.1 3.4 
1 7.3 2.3 
1 9.1 3.1 
1 8.9 0.2 
1 11.5 -1.9 
1 10.2 0.5 
1 9.8 1.2 
1 8.5 2.7 
1 10.3 -0.3 
1 9.7 0.8 
1 8.3 2.9 
1 0.0 7.1 
1 0.9 9.6 
1 -1.6 7.4 
1 0.3 7.2 
1 0.7 9.9 
1 -1.7 7.5 
1 0.5 7.4 
1 0.9 9.7 
1 -1.8 7.6 
1 11.1 -1.5 
1 10.8 -0.6 
1 9.5 1.5 
1 8.7 2.4 
1 11.2 -1.2 
1 10.5 -0.1 
1 9.3 1.9 
1 8.6 2.6 
1 0.4 7.2 
1 0.8 9.8 
1 -1.5 7.3 
1 8.1 3.4 
1 7.3 2.3 
1 9.1 3.1 
1 8.9 0.2 
1 11.5 -1.9 
1 10.2 0.5 
1 9.8 1.2 
1 8.5 2.7 
1 10.3 -0.3 
1 9.7 0.8 
1 8.3 2.9 
1 0.0 7.1 
1 0.9 9.6 
1 -1.6 7.4 
1 0.3 7.2 
1 0.7 9.9 
1 -1.7 7.5 
1 0.5 7.4 
1 0.9 9.7 
1 -1.8 7.6 
1 11.1 -1.5 
1 10.8 -0.6 
1 9.5 1.5 
1 8.7 2.4 
1 11.2 -1.2 
1 10.5 -0.1 
1 9.3 1.9 
1 8.6 2.6 
1 0.4 7.2 
1 0.8 9.8 
1 -1.5 7.3 
1 8.1 3.4 
1 7.3 2.3 
1 9.1 3.1 
1 8.9 0.2 
1 11.5 -1.9 
1 10.2 0.5 
1 9.8 1.2 
1 8.5 2.7 
1 10.3 -0.3 
1 9.7 0.8 
1 8.3 2.9 
1 0.0 7.1 
1 0.9 9.6 
1 -1.6 7.4 
1 0.3 7.2 
1 0.7 9.9 
1 -1.7 7.5 
1 0.5 7.4 
1 0.9 9.7 
1 -1.8 7.6 
1 11.1 -1.5 
1 10.8 -0.6 
1 9.5 1.5 
1 8.7 2.4 
1 11.2 -1.2 
1 10.5 -0.1 
1 9.3 1.9 
1 8.6 2.6 
1 0.4 7.2 
1 0.8 9.8 
1 -1.5 7.3 
1 8.1 3.4 
1 7.3 2.3 
1 9.1 3.1 
1 8.9 0.2 
1 11.5 -1.9 
1 10.2 0.5 
1 9.8 1.2 
1 8.5 2.7 
1 10.3 -0.3 
1 9.7 0.8 
1 8.3 2.9 
1 0.0 7.1 
1 0.9 9.6 
1 -1.6 7.4 
1 0.3 7.2 
1 0.7 9.9 
1 -1.7 7.5 
1 0.5 7.4 
1 0.9 9.7 
1 -1.8 7.6 
1 11.1 -1.5 
1 10.8 -0.6 
1 9.5 1.5 
1 8.7 2.4 
1 11.2 -1.2 
1 10.5 -0.1 
1 9.3 1.9 
1 8.6 2.6 
2 0.4 7.2 
2 0.8 9.8 
2 -1.5 7.3 
2 8.1 3.4 
2 7.3 2.3 
2 9.1 3.1 
2 8.9 0.2 
2 9.8 1.2 
2 8.5 2.7 
2 9.7 0.8 
2 8.3 2.9 
2 0.0 7.1 
2 0.9 9.6 
2 0.4 7.2 
2 0.8 9.8 
2 -1.5 7.3 
2 8.1 3.4 
2 7.3 2.3 
2 9.1 3.1 
2 8.9 0.2 
2 9.8 1.2 
2 8.5 2.7 
2 9.7 0.8 
2 8.3 2.9 
2 0.0 7.1 
2 0.9 9.6 
