2 1.4302438269507878 2.4735967228568025
2 -2.078183604154898 -0.5406879561729525
2 3.577377459191938 3.9250454691813186
2 2.795713182079199 -5.6866613630349825
2 4.448291226827738 -2.6351189124757095
2 1.376478335100881 -8.010722695141594
2 -2.1269269744731654 3.7698885014347514
2 0.8106537569050687 -2.9607554246996735
1 -6.051219043568199 1.092345773013907
1 -7.261989485326856 -9.656893255794362
1 -9.367821869741311 -1.7839205011606953
1 -6.073698627717137 0.4437876732667849
1 -5.276144991837021 -7.03508666505196
