3 9.5 1.5 
3 9.3 1.9 
1 10.5 -0.1 
3 9.5 1.5 
3 9.3 1.9 
1 10.5 -0.1 
3 9.5 1.5 
3 9.3 1.9 
1 10.5 -0.1 
3 9.5 1.5 
3 9.3 1.9 
1 10.5 -0.1 
3 9.5 1.5 
3 9.3 1.9 
1 10.5 -0.1 
3 9.5 1.5 
3 9.3 1.9 
1 10.5 -0.1 
3 9.5 1.5 
3 9.3 1.9 
1 10.5 -0.1 
3 9.5 1.5 
3 9.3 1.9 
1 10.5 -0.1 
3 9.5 1.5 
3 9.3 1.9 
1 10.5 -0.1 
3 9.5 1.5 
3 9.3 1.9 
1 10.5 -0.1 
3 0.3 7.2 
3 0.5 7.4 
1 0.9 9.7 
3 0.3 7.2 
3 0.5 7.4 
1 0.9 9.7 
3 0.3 7.2 
3 0.5 7.4 
1 0.9 9.7 
3 0.3 7.2 
3 0.5 7.4 
1 0.9 9.7 
3 0.3 7.2 
3 0.5 7.4 
1 0.9 9.7 
3 0.3 7.2 
3 0.5 7.4 
1 0.9 9.7 
3 0.3 7.2 
3 0.5 7.4 
1 0.9 9.7 
3 0.3 7.2 
3 0.5 7.4 
1 0.9 9.7 
3 0.3 7.2 
3 0.5 7.4 
1 0.9 9.7 
3 0.3 7.2 
3 0.5 7.4 
1 0.9 9.7 
